<?xml version="1.0"?>
<opencv_storage>
<opencv_lbphfaces>
  <threshold>1.7976931348623157e+308</threshold>
  <radius>2</radius>
  <neighbors>2</neighbors>
  <grid_x>7</grid_x>
  <grid_y>7</grid_y>
  <histograms>
    <_ type_id="opencv-matrix">
      <rows>1</rows>
      <cols>196</cols>
      <dt>f</dt>
      <data>
        1.32653058e-01 5.61224483e-02 6.42857134e-01 1.68367341e-01
        9.69387740e-02 3.92857134e-01 3.01020414e-01 2.09183663e-01
        1.53061226e-01 3.36734682e-01 2.24489793e-01 2.85714269e-01
        1.53061226e-01 1.32653058e-01 4.48979586e-01 2.65306115e-01
        1.47959188e-01 5.51020384e-01 3.06122452e-02 2.70408154e-01
        1.58163264e-01 4.08163249e-01 2.34693870e-01 1.98979586e-01
        2.04081628e-02 3.36734682e-01 5.10204062e-02 5.91836751e-01
        1.37755096e-01 1.47959188e-01 3.46938759e-01 3.67346942e-01
        1.37755096e-01 3.62244904e-01 3.01020414e-01 1.98979586e-01
        1.47959188e-01 4.23469365e-01 1.42857134e-01 2.85714269e-01
        2.09183663e-01 4.08163257e-02 5.61224461e-01 1.88775510e-01
        1.58163264e-01 3.41836721e-01 2.24489793e-01 2.75510192e-01
        2.04081625e-01 3.92857134e-01 1.37755096e-01 2.65306115e-01
        1.07142858e-01 4.23469365e-01 6.63265288e-02 4.03061211e-01
        2.29591832e-01 8.16326514e-02 4.33673471e-01 2.55102038e-01
        1.73469380e-01 1.17346935e-01 4.23469365e-01 2.85714269e-01
        1.98979586e-01 3.52040797e-01 2.34693870e-01 2.14285716e-01
        2.39795908e-01 2.65306115e-01 2.60204077e-01 2.34693870e-01
        1.93877548e-01 4.33673471e-01 8.16326514e-02 2.90816307e-01
        2.50000000e-01 4.33673471e-01 8.16326514e-02 2.34693870e-01
        1.53061226e-01 3.36734682e-01 1.12244897e-01 3.97959173e-01
        1.78571418e-01 7.65306130e-02 3.11224490e-01 4.33673471e-01
        2.14285716e-01 1.37755096e-01 4.64285702e-01 1.83673471e-01
        1.47959188e-01 3.11224490e-01 2.80612230e-01 2.60204077e-01
        1.98979586e-01 2.75510192e-01 3.41836721e-01 1.83673471e-01
        8.16326514e-02 4.48979586e-01 2.90816307e-01 1.78571418e-01
        2.19387755e-01 3.36734682e-01 2.55102038e-01 1.88775510e-01
        6.63265288e-02 4.28571433e-01 1.32653058e-01 3.72448981e-01
        1.88775510e-01 4.38775510e-01 1.53061226e-01 2.19387755e-01
        1.73469380e-01 3.52040797e-01 3.06122452e-01 1.68367341e-01
        1.22448981e-01 3.57142836e-02 6.88775480e-01 1.53061226e-01
        2.24489793e-01 2.14285716e-01 2.24489793e-01 3.36734682e-01
        1.53061226e-01 4.79591817e-01 1.58163264e-01 2.09183663e-01
        9.69387740e-02 2.90816307e-01 4.23469365e-01 1.88775510e-01
        7.14285672e-02 3.06122452e-01 3.06122452e-02 5.91836751e-01
        9.69387740e-02 3.01020414e-01 2.85714269e-01 3.16326529e-01
        2.29591832e-01 2.65306115e-01 3.31632644e-01 1.73469380e-01
        1.37755096e-01 2.29591832e-01 3.92857134e-01 2.39795908e-01
        1.73469380e-01 4.18367326e-01 1.78571418e-01 2.29591832e-01
        2.50000000e-01 2.44897962e-01 2.04081625e-01 3.01020414e-01
        1.58163264e-01 3.11224490e-01 3.11224490e-01 2.19387755e-01
        4.08163257e-02 2.39795908e-01 1.53061226e-02 7.04081595e-01
        1.12244897e-01 3.01020414e-01 2.85714269e-01 3.01020414e-01
        2.24489793e-01 2.65306115e-01 3.67346942e-01 1.42857134e-01
        7.65306130e-02 4.18367326e-01 3.06122452e-01 1.98979586e-01
        2.14285716e-01 3.01020414e-01 2.65306115e-01 2.19387755e-01
        2.44897962e-01 3.16326529e-01 2.19387755e-01 2.19387755e-01
        1.22448981e-01 4.64285702e-01 1.78571418e-01 2.34693870e-01
        3.06122452e-02 1.07142858e-01 5.10204062e-02 8.11224461e-01</data></_>
    <_ type_id="opencv-matrix">
      <rows>1</rows>
      <cols>196</cols>
      <dt>f</dt>
      <data>
        1.32653058e-01 5.61224483e-02 6.42857134e-01 1.68367341e-01
        9.69387740e-02 3.92857134e-01 3.01020414e-01 2.09183663e-01
        1.53061226e-01 3.36734682e-01 2.24489793e-01 2.85714269e-01
        1.53061226e-01 1.32653058e-01 4.48979586e-01 2.65306115e-01
        1.47959188e-01 5.51020384e-01 3.06122452e-02 2.70408154e-01
        1.58163264e-01 4.08163249e-01 2.34693870e-01 1.98979586e-01
        2.04081628e-02 3.36734682e-01 5.10204062e-02 5.91836751e-01
        1.37755096e-01 1.47959188e-01 3.46938759e-01 3.67346942e-01
        1.37755096e-01 3.62244904e-01 3.01020414e-01 1.98979586e-01
        1.47959188e-01 4.23469365e-01 1.42857134e-01 2.85714269e-01
        2.09183663e-01 4.08163257e-02 5.61224461e-01 1.88775510e-01
        1.58163264e-01 3.41836721e-01 2.24489793e-01 2.75510192e-01
        2.04081625e-01 3.92857134e-01 1.37755096e-01 2.65306115e-01
        1.07142858e-01 4.23469365e-01 6.63265288e-02 4.03061211e-01
        2.29591832e-01 8.16326514e-02 4.33673471e-01 2.55102038e-01
        1.73469380e-01 1.17346935e-01 4.23469365e-01 2.85714269e-01
        1.98979586e-01 3.52040797e-01 2.34693870e-01 2.14285716e-01
        2.39795908e-01 2.65306115e-01 2.60204077e-01 2.34693870e-01
        1.93877548e-01 4.33673471e-01 8.16326514e-02 2.90816307e-01
        2.50000000e-01 4.33673471e-01 8.16326514e-02 2.34693870e-01
        1.53061226e-01 3.36734682e-01 1.12244897e-01 3.97959173e-01
        1.78571418e-01 7.65306130e-02 3.11224490e-01 4.33673471e-01
        2.14285716e-01 1.37755096e-01 4.64285702e-01 1.83673471e-01
        1.47959188e-01 3.11224490e-01 2.80612230e-01 2.60204077e-01
        1.98979586e-01 2.75510192e-01 3.41836721e-01 1.83673471e-01
        8.16326514e-02 4.48979586e-01 2.90816307e-01 1.78571418e-01
        2.19387755e-01 3.36734682e-01 2.55102038e-01 1.88775510e-01
        6.63265288e-02 4.28571433e-01 1.32653058e-01 3.72448981e-01
        1.88775510e-01 4.38775510e-01 1.53061226e-01 2.19387755e-01
        1.73469380e-01 3.52040797e-01 3.06122452e-01 1.68367341e-01
        1.22448981e-01 3.57142836e-02 6.88775480e-01 1.53061226e-01
        2.24489793e-01 2.14285716e-01 2.24489793e-01 3.36734682e-01
        1.53061226e-01 4.79591817e-01 1.58163264e-01 2.09183663e-01
        9.69387740e-02 2.90816307e-01 4.23469365e-01 1.88775510e-01
        7.14285672e-02 3.06122452e-01 3.06122452e-02 5.91836751e-01
        9.69387740e-02 3.01020414e-01 2.85714269e-01 3.16326529e-01
        2.29591832e-01 2.65306115e-01 3.31632644e-01 1.73469380e-01
        1.37755096e-01 2.29591832e-01 3.92857134e-01 2.39795908e-01
        1.73469380e-01 4.18367326e-01 1.78571418e-01 2.29591832e-01
        2.50000000e-01 2.44897962e-01 2.04081625e-01 3.01020414e-01
        1.58163264e-01 3.11224490e-01 3.11224490e-01 2.19387755e-01
        4.08163257e-02 2.39795908e-01 1.53061226e-02 7.04081595e-01
        1.12244897e-01 3.01020414e-01 2.85714269e-01 3.01020414e-01
        2.24489793e-01 2.65306115e-01 3.67346942e-01 1.42857134e-01
        7.65306130e-02 4.18367326e-01 3.06122452e-01 1.98979586e-01
        2.14285716e-01 3.01020414e-01 2.65306115e-01 2.19387755e-01
        2.44897962e-01 3.16326529e-01 2.19387755e-01 2.19387755e-01
        1.22448981e-01 4.64285702e-01 1.78571418e-01 2.34693870e-01
        3.06122452e-02 1.07142858e-01 5.10204062e-02 8.11224461e-01</data></_>
    <_ type_id="opencv-matrix">
      <rows>1</rows>
      <cols>196</cols>
      <dt>f</dt>
      <data>
        1.32653058e-01 5.61224483e-02 6.42857134e-01 1.68367341e-01
        9.69387740e-02 3.92857134e-01 3.01020414e-01 2.09183663e-01
        1.53061226e-01 3.36734682e-01 2.24489793e-01 2.85714269e-01
        1.53061226e-01 1.32653058e-01 4.48979586e-01 2.65306115e-01
        1.47959188e-01 5.51020384e-01 3.06122452e-02 2.70408154e-01
        1.58163264e-01 4.08163249e-01 2.34693870e-01 1.98979586e-01
        2.04081628e-02 3.36734682e-01 5.10204062e-02 5.91836751e-01
        1.37755096e-01 1.47959188e-01 3.46938759e-01 3.67346942e-01
        1.37755096e-01 3.62244904e-01 3.01020414e-01 1.98979586e-01
        1.47959188e-01 4.23469365e-01 1.42857134e-01 2.85714269e-01
        2.09183663e-01 4.08163257e-02 5.61224461e-01 1.88775510e-01
